{
 "cells": [
  {
   "cell_type": "markdown",
   "metadata": {},
   "source": [
    "The PTM represents the action of a quantum channel in the Pauli basis. \n",
    "For each pair of Pauli operators $P_i$ and $P_j$, we apply the \n",
    "unitary transformation $U P_j U^\\dagger$ to $P_j$, and compute \n",
    "the Hilbert-Schmidt inner product with $P_i$. The result is \n",
    "normalized by $1/2^n$, where $n$ is the number of qubits.\n",
    "\n",
    "The 2-qubit Pauli matrices are formed by taking the Kronecker (tensor) product of the 1-qubit Pauli matrices (I, X, Y, Z) with themselves and each other. For two qubits, there are 16 such matrices, corresponding to all combinations of two 1-qubit Pauli operators.\n",
    "\n"
   ]
  },
  {
   "cell_type": "code",
   "execution_count": 1,
   "metadata": {},
   "outputs": [
    {
     "name": "stdout",
     "output_type": "stream",
     "text": [
      "1-Qubit Pauli Transfer Matrix:\n",
      "[[ 1.00000000e+00  6.13805601e-09  4.49688198e-09 -7.27584631e-10]\n",
      " [-5.45040308e-09 -4.11308697e-01 -5.30720594e-01  7.41053851e-01]\n",
      " [ 5.25286129e-09  6.03682653e-01  4.50527398e-01  6.57717510e-01]\n",
      " [-1.06189124e-09 -6.82929289e-01  7.17886286e-01  1.35080978e-01]]\n",
      "\n",
      "2-Qubit Pauli Transfer Matrix:\n",
      "[[ 9.99999996e-01  2.88423049e-10 -9.59893928e-10 -2.66829100e-09\n",
      "  -7.18012705e-10  4.96205087e-09 -2.78490669e-09  2.56599374e-09\n",
      "   3.97823025e-09 -6.15461015e-11  5.39136411e-09 -2.54622157e-10\n",
      "  -6.97088630e-10  7.46175371e-10 -2.64880221e-09 -3.59054630e-09]\n",
      " [ 4.39781724e-09  1.16295547e-01  1.25229144e-01  2.34824543e-01\n",
      "  -1.12815415e-01  5.07044501e-01  6.68310999e-02 -2.86751194e-01\n",
      "   5.93597376e-01  3.65974605e-02  1.42640772e-01 -9.41933198e-02\n",
      "   2.97581198e-01  1.19222182e-01 -2.59195168e-01  7.91815772e-02]\n",
      " [-3.18660756e-09  2.53819819e-01  2.31811459e-01 -2.69463466e-01\n",
      "   7.76526423e-02 -4.18045525e-01 -2.45610556e-01 -6.05067485e-01\n",
      "  -4.73788673e-02 -2.36730350e-01  3.71496792e-02 -1.91028243e-01\n",
      "   2.73408978e-01  7.77089390e-02  7.61950764e-02  1.38745942e-01]\n",
      " [-2.16989676e-09 -2.64790835e-01  5.36512809e-01 -3.70711281e-02\n",
      "   2.30015889e-01  1.62595990e-01  9.69391816e-02  2.41567612e-01\n",
      "   1.51547569e-02 -2.94255673e-01 -1.50313331e-01 -7.36104789e-02\n",
      "  -1.10181660e-01  2.98963467e-01  1.81696221e-01  4.94173374e-01]\n",
      " [-2.32322908e-09  3.32345529e-01  2.67381111e-01  4.58520222e-01\n",
      "   1.86776030e-01 -2.72803442e-01 -2.50091036e-02  2.12317714e-01\n",
      "   2.97389681e-01  1.94277730e-01 -1.19707040e-01 -7.10108930e-02\n",
      "   8.18179916e-02 -8.33929974e-02  4.92199058e-01 -2.26575484e-01]\n",
      " [ 1.13428788e-09  2.36624983e-01  1.11928327e-01 -2.08621088e-01\n",
      "   6.99018411e-02 -1.93116671e-03  9.27229508e-04 -1.69291535e-03\n",
      "  -1.95936867e-03  4.10912374e-01  3.81669466e-01  6.70841845e-01\n",
      "   5.35936945e-03  1.75416198e-01  1.27443249e-01  2.67338084e-01]\n",
      " [-4.51804790e-10 -1.95313019e-01  1.09709100e-01 -2.00566345e-01\n",
      "  -6.14295050e-01 -1.19356358e-03  1.34239977e-01  7.45911121e-02\n",
      "  -1.15636545e-01  3.93552740e-01  6.63590015e-02 -3.46946486e-01\n",
      "   2.63801566e-01  1.69733182e-01  3.41682877e-01  2.16119039e-02]\n",
      " [-5.11468395e-10 -8.32954921e-02 -7.35276310e-02  1.36385073e-01\n",
      "   2.41668682e-01  2.95347006e-03  3.39478706e-01  1.84822822e-01\n",
      "  -2.84772266e-01 -2.65509001e-01  3.78588125e-01  4.19472880e-02\n",
      "   6.69082006e-01 -1.14071755e-01  3.85154978e-02 -4.89035217e-02]\n",
      " [ 4.77748317e-09 -3.28763560e-01 -1.15970949e-02  2.44059287e-02\n",
      "   1.65216353e-01 -7.01788041e-04 -1.86687585e-01 -9.81629628e-02\n",
      "   1.54310912e-01 -4.42407610e-02  7.25747565e-01 -2.51094054e-01\n",
      "  -3.59278485e-01 -1.93242279e-02  2.25860800e-01 -1.52986284e-01]\n",
      " [ 3.07657180e-09  1.46529115e-02  6.45250884e-01 -2.73859600e-01\n",
      "  -2.20982649e-01  6.44675552e-02  4.10120393e-02  1.00079353e-01\n",
      "   1.07916904e-02 -1.62891484e-01  8.39046845e-02  1.88975421e-01\n",
      "  -4.41453988e-02 -3.62531196e-01 -1.84786545e-01 -4.54779821e-01]\n",
      " [-1.32652851e-09 -1.36759020e-01 -4.93510428e-02 -2.16847103e-01\n",
      "   1.08516152e-01 -1.40883236e-01  8.32975483e-02  6.98936317e-02\n",
      "   2.97403359e-01  2.10557075e-01 -2.34730471e-02 -1.27449992e-01\n",
      "   6.56311756e-02 -7.21185840e-01 -3.13596121e-02  4.61967435e-01]\n",
      " [ 1.55450676e-09 -1.24657192e-01 -1.29286893e-01 -1.58521870e-01\n",
      "  -1.45019613e-01 -5.63258185e-01  1.82773133e-01  2.93864895e-01\n",
      "   5.07082963e-01 -1.89653660e-01  7.38205444e-02  8.89319762e-02\n",
      "   4.36307840e-02  3.32028365e-01 -2.50452823e-01 -5.68341407e-02]\n",
      " [-1.30153027e-09  1.11403762e-01 -1.42240167e-01  2.61339203e-01\n",
      "  -5.57192220e-01  2.14651390e-03 -5.59961288e-02 -3.13922645e-02\n",
      "   4.38932264e-02 -5.11891238e-01  9.66432823e-02  2.70809617e-01\n",
      "  -1.08887157e-01 -2.17331244e-01  3.25498400e-01  2.69804398e-01]\n",
      " [-3.80711539e-09 -6.62669785e-01  1.57792849e-01  3.91601356e-01\n",
      "  -4.20931217e-02 -2.24356831e-01 -1.37145687e-01 -3.24395924e-01\n",
      "  -2.46639303e-02  1.70031362e-01 -1.57332141e-01  3.51123749e-01\n",
      "   1.49686938e-01 -3.50747855e-02 -6.44900524e-02 -3.33679397e-02]\n",
      " [ 3.87704949e-10  1.79078547e-01  2.10253335e-01  3.72144998e-01\n",
      "  -1.73740662e-01 -1.97752672e-01 -3.37663324e-01  2.85931831e-01\n",
      "  -2.62078416e-01  1.31167179e-01  2.58467442e-01 -2.09146620e-01\n",
      "  -1.83323265e-02 -1.00399065e-03 -4.94912070e-01  2.80097021e-01]\n",
      " [ 4.39964004e-09 -1.19384272e-01 -1.27675228e-01 -2.24483893e-01\n",
      "   3.80089743e-02  1.91205681e-01 -7.60972798e-01  3.31116963e-01\n",
      "   1.46717349e-01 -8.43774197e-02 -8.54215296e-02  9.34568186e-02\n",
      "   3.58787461e-01  1.42482698e-02  1.15546449e-01 -7.32945174e-02]]\n",
      "1-Qubit Pauli Transfer Matrix:\n",
      "[[ 1.00000000e+00  6.13805601e-09  4.49688198e-09 -7.27584631e-10]\n",
      " [-5.45040308e-09 -4.11308697e-01 -5.30720594e-01  7.41053851e-01]\n",
      " [ 5.25286129e-09  6.03682653e-01  4.50527398e-01  6.57717510e-01]\n",
      " [-1.06189124e-09 -6.82929289e-01  7.17886286e-01  1.35080978e-01]]\n",
      "\n",
      "2-Qubit Pauli Transfer Matrix:\n",
      "[[ 9.99999996e-01  2.88423049e-10 -9.59893928e-10 -2.66829100e-09\n",
      "  -7.18012705e-10  4.96205087e-09 -2.78490669e-09  2.56599374e-09\n",
      "   3.97823025e-09 -6.15461015e-11  5.39136411e-09 -2.54622157e-10\n",
      "  -6.97088630e-10  7.46175371e-10 -2.64880221e-09 -3.59054630e-09]\n",
      " [ 4.39781724e-09  1.16295547e-01  1.25229144e-01  2.34824543e-01\n",
      "  -1.12815415e-01  5.07044501e-01  6.68310999e-02 -2.86751194e-01\n",
      "   5.93597376e-01  3.65974605e-02  1.42640772e-01 -9.41933198e-02\n",
      "   2.97581198e-01  1.19222182e-01 -2.59195168e-01  7.91815772e-02]\n",
      " [-3.18660756e-09  2.53819819e-01  2.31811459e-01 -2.69463466e-01\n",
      "   7.76526423e-02 -4.18045525e-01 -2.45610556e-01 -6.05067485e-01\n",
      "  -4.73788673e-02 -2.36730350e-01  3.71496792e-02 -1.91028243e-01\n",
      "   2.73408978e-01  7.77089390e-02  7.61950764e-02  1.38745942e-01]\n",
      " [-2.16989676e-09 -2.64790835e-01  5.36512809e-01 -3.70711281e-02\n",
      "   2.30015889e-01  1.62595990e-01  9.69391816e-02  2.41567612e-01\n",
      "   1.51547569e-02 -2.94255673e-01 -1.50313331e-01 -7.36104789e-02\n",
      "  -1.10181660e-01  2.98963467e-01  1.81696221e-01  4.94173374e-01]\n",
      " [-2.32322908e-09  3.32345529e-01  2.67381111e-01  4.58520222e-01\n",
      "   1.86776030e-01 -2.72803442e-01 -2.50091036e-02  2.12317714e-01\n",
      "   2.97389681e-01  1.94277730e-01 -1.19707040e-01 -7.10108930e-02\n",
      "   8.18179916e-02 -8.33929974e-02  4.92199058e-01 -2.26575484e-01]\n",
      " [ 1.13428788e-09  2.36624983e-01  1.11928327e-01 -2.08621088e-01\n",
      "   6.99018411e-02 -1.93116671e-03  9.27229508e-04 -1.69291535e-03\n",
      "  -1.95936867e-03  4.10912374e-01  3.81669466e-01  6.70841845e-01\n",
      "   5.35936945e-03  1.75416198e-01  1.27443249e-01  2.67338084e-01]\n",
      " [-4.51804790e-10 -1.95313019e-01  1.09709100e-01 -2.00566345e-01\n",
      "  -6.14295050e-01 -1.19356358e-03  1.34239977e-01  7.45911121e-02\n",
      "  -1.15636545e-01  3.93552740e-01  6.63590015e-02 -3.46946486e-01\n",
      "   2.63801566e-01  1.69733182e-01  3.41682877e-01  2.16119039e-02]\n",
      " [-5.11468395e-10 -8.32954921e-02 -7.35276310e-02  1.36385073e-01\n",
      "   2.41668682e-01  2.95347006e-03  3.39478706e-01  1.84822822e-01\n",
      "  -2.84772266e-01 -2.65509001e-01  3.78588125e-01  4.19472880e-02\n",
      "   6.69082006e-01 -1.14071755e-01  3.85154978e-02 -4.89035217e-02]\n",
      " [ 4.77748317e-09 -3.28763560e-01 -1.15970949e-02  2.44059287e-02\n",
      "   1.65216353e-01 -7.01788041e-04 -1.86687585e-01 -9.81629628e-02\n",
      "   1.54310912e-01 -4.42407610e-02  7.25747565e-01 -2.51094054e-01\n",
      "  -3.59278485e-01 -1.93242279e-02  2.25860800e-01 -1.52986284e-01]\n",
      " [ 3.07657180e-09  1.46529115e-02  6.45250884e-01 -2.73859600e-01\n",
      "  -2.20982649e-01  6.44675552e-02  4.10120393e-02  1.00079353e-01\n",
      "   1.07916904e-02 -1.62891484e-01  8.39046845e-02  1.88975421e-01\n",
      "  -4.41453988e-02 -3.62531196e-01 -1.84786545e-01 -4.54779821e-01]\n",
      " [-1.32652851e-09 -1.36759020e-01 -4.93510428e-02 -2.16847103e-01\n",
      "   1.08516152e-01 -1.40883236e-01  8.32975483e-02  6.98936317e-02\n",
      "   2.97403359e-01  2.10557075e-01 -2.34730471e-02 -1.27449992e-01\n",
      "   6.56311756e-02 -7.21185840e-01 -3.13596121e-02  4.61967435e-01]\n",
      " [ 1.55450676e-09 -1.24657192e-01 -1.29286893e-01 -1.58521870e-01\n",
      "  -1.45019613e-01 -5.63258185e-01  1.82773133e-01  2.93864895e-01\n",
      "   5.07082963e-01 -1.89653660e-01  7.38205444e-02  8.89319762e-02\n",
      "   4.36307840e-02  3.32028365e-01 -2.50452823e-01 -5.68341407e-02]\n",
      " [-1.30153027e-09  1.11403762e-01 -1.42240167e-01  2.61339203e-01\n",
      "  -5.57192220e-01  2.14651390e-03 -5.59961288e-02 -3.13922645e-02\n",
      "   4.38932264e-02 -5.11891238e-01  9.66432823e-02  2.70809617e-01\n",
      "  -1.08887157e-01 -2.17331244e-01  3.25498400e-01  2.69804398e-01]\n",
      " [-3.80711539e-09 -6.62669785e-01  1.57792849e-01  3.91601356e-01\n",
      "  -4.20931217e-02 -2.24356831e-01 -1.37145687e-01 -3.24395924e-01\n",
      "  -2.46639303e-02  1.70031362e-01 -1.57332141e-01  3.51123749e-01\n",
      "   1.49686938e-01 -3.50747855e-02 -6.44900524e-02 -3.33679397e-02]\n",
      " [ 3.87704949e-10  1.79078547e-01  2.10253335e-01  3.72144998e-01\n",
      "  -1.73740662e-01 -1.97752672e-01 -3.37663324e-01  2.85931831e-01\n",
      "  -2.62078416e-01  1.31167179e-01  2.58467442e-01 -2.09146620e-01\n",
      "  -1.83323265e-02 -1.00399065e-03 -4.94912070e-01  2.80097021e-01]\n",
      " [ 4.39964004e-09 -1.19384272e-01 -1.27675228e-01 -2.24483893e-01\n",
      "   3.80089743e-02  1.91205681e-01 -7.60972798e-01  3.31116963e-01\n",
      "   1.46717349e-01 -8.43774197e-02 -8.54215296e-02  9.34568186e-02\n",
      "   3.58787461e-01  1.42482698e-02  1.15546449e-01 -7.32945174e-02]]\n"
     ]
    }
   ],
   "source": [
    "import numpy as np\n",
    "\n",
    "from pauli_transfer_matrix import pauli_transfer_matrix\n",
    "\n",
    "# Example usage\n",
    "U_1q = np.array([[ 0.74393664+0.11873822j, -0.37249816-0.54194523j],\n",
    "       [ 0.41688735+0.50859065j, -0.09296323+0.74759503j]])\n",
    "U_2q = np.array([[-0.11767162-0.66610803j, -0.3123073 +0.12156049j,\n",
    "        -0.19688608-0.05984515j,  0.55434302-0.28372332j],\n",
    "       [ 0.21067037-0.45738353j,  0.22849074+0.12435353j,\n",
    "        -0.35682263+0.61688169j, -0.35615918+0.20983733j],\n",
    "       [-0.30887639-0.34714427j, -0.30760334+0.09708465j,\n",
    "        -0.00061556-0.4971143j , -0.5355084 +0.38229403j],\n",
    "       [-0.23451941+0.13400989j, -0.39269981-0.7495045j ,\n",
    "        -0.39803766+0.21031413j, -0.08358532-0.0376742j ]])\n",
    "\n",
    "# 1-qubit Pauli Transfer Matrix\n",
    "ptm_1q = pauli_transfer_matrix(U_1q)\n",
    "print(\"1-Qubit Pauli Transfer Matrix:\")\n",
    "print(ptm_1q)\n",
    "\n",
    "# 2-qubit Pauli Transfer Matrix\n",
    "ptm_2q = pauli_transfer_matrix(U_2q)\n",
    "print(\"\\n2-Qubit Pauli Transfer Matrix:\")\n",
    "print(ptm_2q)\n"
   ]
  },
  {
   "cell_type": "code",
   "execution_count": null,
   "metadata": {},
   "outputs": [],
   "source": []
  }
 ],
 "metadata": {
  "kernelspec": {
   "display_name": "Python 3",
   "language": "python",
   "name": "python3"
  },
  "language_info": {
   "codemirror_mode": {
    "name": "ipython",
    "version": 3
   },
   "file_extension": ".py",
   "mimetype": "text/x-python",
   "name": "python",
   "nbconvert_exporter": "python",
   "pygments_lexer": "ipython3",
   "version": "3.12.6"
  }
 },
 "nbformat": 4,
 "nbformat_minor": 2
}
